tdoa_test:

ti = 6.73359e+07
tj = 7.82833e+07
tk = 8.6024e+07
tl = 7.50923e+07
xi = 0
xj = -1.53383e+07
xk = 0
xl = -1.87856e+07
yi = 2.65668e+07
yj = 1.53383e+07
yk = 6.38e+06
yl = 1.87856e+07
zi = 0
zj = 1.53383e+07
zk = 2.57893e+07
zl = 0

z2 = 0
x2 = 1
y2 = 6380032

tdoa_test2:

ti = 8.63207e+07
tj = 7.5293e+07
tk = 6.73359e+07
tl = 7.82833e+07
xi = -1.51021e+07
xj = 0
xk = 1.53383e+07
xl = 2.65668e+07
yi = 2.14821e+07
yj = 6.38e+06
yk = 1.53383e+07
yl = 0
zi = 3.6835e+06
zj = 2.57893e+07
zk = 1.53383e+07
zl = 0

z2 = -5248135
x2 = -5442663
y2 = -6151501

